maxerr = 4.4435e-06

     464.09   -2.81928   -5.77042   -3.24614    1.13581    1.84678   -1.94228   -1.21586    225.109    600.018
   -2.81929   0.243194 -0.0722302 -0.0600401   0.021536 -0.0237656 -0.00322273 -0.0131457    4.94988   -4.49046
   -5.77042 -0.0722302   0.899879  0.0624201 -0.00742027 -0.0505518  0.0453629  0.0142212    1.60219    3.09251
   -3.24614 -0.0600401  0.0624201    1.00108 -0.00433376  0.0181128 0.000460622  0.0554122  -0.863438    -1.5483
    1.13581   0.021536 -0.00742027 -0.00433376     0.9768 -0.0660968  -0.306466  -0.269665    7.86592   -2.83951
    1.84678 -0.0237656 -0.0505518  0.0181128 -0.0660968   0.268595  0.0319995  0.0279077   -1.50718   0.268709
   -1.94228 -0.00322274  0.0453629 0.000460621  -0.306466  0.0319995    1.04468   0.137019   -4.60431    3.29516
   -1.21586 -0.0131457  0.0142212  0.0554122  -0.269665  0.0279077   0.137019    1.09246    1.20917  0.0658906
    225.108    4.94988    1.60219  -0.863436    7.86592   -1.50716   -4.60431    1.20917    6124.64    233.747
    600.018   -4.49046    3.09251    -1.5483   -2.83951   0.268707    3.29516  0.0658906    233.747    3040.09

          0 1.38767e-07 1.73338e-08 3.27078e-08 7.11887e-08 -4.33812e-08 -5.86053e-08 -4.13047e-08 1.51674e-07 -3.26294e-08
 -1.38767e-07          0 9.16628e-09 7.83419e-08 -1.43563e-07 3.56239e-07 1.07211e-06 3.60347e-07 -6.20044e-07 3.00374e-07
 -1.73338e-08 -9.16628e-09          0 1.29053e-08 -1.28467e-07 -7.50513e-08 9.57861e-09 5.14407e-08 -9.29561e-07 1.34513e-07
 -3.27078e-08 -7.83419e-08 -1.29053e-08          0 -2.30453e-07 -4.20509e-08 3.50153e-07 4.11956e-09 -1.09395e-06 2.05528e-07
 -7.11887e-08 1.43563e-07 1.28467e-07 2.30453e-07          0 -1.41226e-08 2.80056e-09 4.0191e-09 -7.44928e-08 6.39087e-08
 4.33812e-08 -3.56239e-07 7.50513e-08 4.20509e-08 1.41226e-08          0 8.71385e-08 6.87238e-10 -3.47999e-06 4.4435e-06
 5.86053e-08 -1.07211e-06 -9.57861e-09 -3.50153e-07 -2.80056e-09 -8.71385e-08          0 -2.07922e-10 -2.40414e-07 1.02468e-07
 4.13047e-08 -3.60347e-07 -5.14407e-08 -4.11956e-09 -4.0191e-09 -6.87238e-10 2.07922e-10          0 -1.92076e-07 9.79314e-08
 -1.51674e-07 6.20044e-07 9.29561e-07 1.09395e-06 7.44928e-08 3.47999e-06 2.40414e-07 1.92076e-07          0 -1.12816e-07
 3.26294e-08 -3.00374e-07 -1.34513e-07 -2.05528e-07 -6.39087e-08 -4.4435e-06 -1.02468e-07 -9.79314e-08 1.12816e-07          0
